- joint_position: [1.933501526846781, -1.1971038806503906, -1.1108148024317912, -1.1116176538877083, -0.3682993787558434, -0.8082968831836139, -0.8395557300868324]
  torso_position: [-0.09999779015821748, 0.13990559283986545, -0.09775712110370513]
- joint_position: [1.8714899785234222, -1.2181350981369223, -1.1108148024317912, -1.1116351071802284, -0.3682993787558434, -0.8082794298910939, -0.8395557300868324]
  torso_position: [0.0,0.14,-0.13]
- joint_position: [1.8714899785234222, -1.172110765761832, -1.1108148024317912, -1.1316191271155633, -0.5362873192602976, -0.9432806475328553, -0.8395731833793523]
  torso_position: [0.10008105238582687, 0.04775316385439062, -0.1300835651601749]
- joint_position: [2.04148504766767, -1.0541090550344954, -1.45281206936008, -1.386629184124455, 0.4866850619186188, -0.6022782182782033, -0.060562925044203235]
  torso_position: [0.1,0.1,-0.2]
- joint_position: [0.0, 0.0, 0.0, 0.0, 0.0, 0.0, 0.0]
  torso_position: [0.0,0.0,0.0]

